1111010000000000
0000100000001100
1111010000000000
0000100000001101
1111010000000000
0000100000001110
1111010000000000
0000100000001111
1111010000000000
0000100000010000
1111010000000000
0000100000010001
1111010000000000
0000100000010010
1111010000000000
0000100000010011
1111010000000000
0000100000010100
1111010000000000
0000100000010101
1111010000000000
0000100000010110
1111010000000000
0000100000010111
1111010000000000
0000100000011000
1111010000000000
0000100000011001
1111010000000000
0000100000011010
1111010000000000
0000100000011011
1111010000000000
0000100000011100
1111010000000000
0000100000011101
1111010000000000
0000100000011110
1111010000000000
0000100000011111
1111010000000000
0000100000001011
0000010000001100
0001010000001011
0110100101000000
0000100100001011
0000100000001010
0000010000001101
0000010000001011
0001010000001011
0110100101000000
0110110110001011
0000100000001010
0000010000001110
0000010000001011
0001010000001011
0110100101000000
0110110110001011
0000100000001010
0000010000001111
0000010000001011
0001010000001011
0110100101000000
0110110110001011
0000100000001010
0000010000010000
0000010000001011
0001010000001011
0110100101000000
0110110110001011
0000100000001010
0000010000010001
0000010000001011
0001010000001011
0110100101000000
0110110110001011
0000100000001010
0000010000010010
0000010000001011
0001010000001011
0110100101000000
0110110110001011
0000100000001010
0000010000010011
0000010000001011
0001010000001011
0110100101000000
0110110110001011
0000100000001010
0000010000010100
0000010000001011
0001010000001011
0110100101000000
0110110110001011
0000100000001010
0000010000010101
0000010000001011
0001010000001011
0110100101000000
0110110110001011
0000100000001010
0000010000010110
0000010000001011
0001010000001011
0110100101000000
0110110110001011
0000100000001010
0000010000010111
0000010000001011
0001010000001011
0110100101000000
0110110110001011
0000100000001010
0000010000011000
0000010000001011
0001010000001011
0110100101000000
0110110110001011
0000100000001010
0000010000011001
0000010000001011
0001010000001011
0110100101000000
0110110110001011
0000100000001010
0000010000011010
0000010000001011
0001010000001011
0110100101000000
0110110110001011
0000100000001010
0000010000011011
0000010000001011
0001010000001011
0110100101000000
0110110110001011
0000100000001010
0000010000011100
0000010000001011
0001010000001011
0110100101000000
0110110110001011
0000100000001010
0000010000011101
0000010000001011
0001010000001011
0110100101000000
0110110110001011
0000100000001010
0000010000011110
0000010000001011
0001010000001011
0110100101000000
0110110110001011
0000100000001010
0000010000011111
0000010000001011
0001010000001011
0110100101000000
0110110110001011
0000100000001010